0271
0162
1270
0443
0308
0266
1308
1058
1107
0051
1269
1110
0305
0204
1365
1218
0264
1248
1293
1282
1168
0062
1157
0976
1154
0405
0951
1116
0943
1290
0337
0468
1201
0375
1092
0986
0240
1090
1348
0108
0242
1024
1456
0041
1005
1296
0165
0124
1245
0229
0908
0340
0489
0301
1099
0228
0134
1430
0083
1071
1087
1242
1374
1015
0043
1410
0352
0324
0311
1310
1060
1382
1152
0389
1411
0464
0198
1102
0924
0176
0432
0200
0365
1446
1419
0441
0216
0040
0436
1126
0097
1439
0411
0306
1011
0303
0082
1063
1000
0499
0111
1283
1089
0471
1013
0975
0053
0257
1164
1073
1230
0481
0947
1195
0974
1422
0331
0027
1416
0115
1067
1124
1350
1396
0357
0968
0128
1333
0967
1428
0304
0985
0163
0901
0016
1452
1122
0959
1114
1053
0945
1421
1345
0476
0358
0140
0478
0934
0156
1016
0002
0954
0416
1314
0223
0433
1050
0100
0342
0991
1046
1408
0315
0927
1437
0933
1320
1096
1186
1402
0293
0287
1134
0906
0425
1136
1121
0088
1061
1009
1427
0349
0251
0993
1189
0348
1020
0050
0177
0137
1093
0383
1207
0081
1040
0495
1275
0299
1425
0952
0250
1034
1239
1235
1366
1171
0435
0130
0135
0296
1241
1362
0037
0020
1392
1349
0122
0346
0373
1279
0234
0090
0186
1203
1112
0910
1281
0946
1197
1036
1286
0987
0490
1289
1043
1277
0328
1321
0149
0932
0916
1358
1123
0123
1097
1001
1212
0372
1335
1217
1206
0153
0483
1191
0089
1044
1017
1149
1435
0207
0336
1276
0054
0070
0394
1025
0093
0958
0045
1267
0275
0497
1322
0467
1213
0230
1315
0430
1142
0179
1214
0241
1420
0983
0142
0941
0278
0084
1307
0963
0011
1324
0334
0004
1100
1147
0260
0317
0427
1158
0146
1138
0180
0380
0905
0173
0994
1271
1317
0379
1364
1085
0314
1449
1391
0203
0494
1018
1229
1274
0395
0294
1294
1163
1196
1355
0345
1394
1312
1215
1065
0021
0912
1291
1370
0095
1224
0461
0913
1188
1106
1194
1379
1233
0330
1253
0446
1169
1388
1159
0178
0907
0370
0902
1179
1193
0351
1311
1041
1385
1077
1156
0350
0984
0255
0979
1210
0965
0378
0388
0492
0182
0215
0028
0919
1225
0096
0418
0284
0404
1172
1381
1039
0369
1140
1273
1095
0480
0102
1409
0116
1078
0018
0363
1153
0977
1035
1287
0457
0106
0285
0931
0274
0309
1177
1285
1037
1094
0110
0454
1128
0458
1403
0026
0459
0046
1413
1337
0138
0474
1014
1174
1363
0199
0213
1234
1247
0496
0920
1072
1343
1056
1261
1329
0462
1339
0067
0921
1026
0139
0003
1139
0259
1178
1120
0313
0265
1295
0005
1220
0049
0368
0225
1091
0401
0232
0273
0949
1113
0300
1066
1297
0074
1305
0329
0168
0066
0449
1101
0302
0419
0421
1341
0161
1052
1404
1398
0980
1302
0990
1205
0386
0258
0150
0385
0903
0034
0086
0995
1260
1130
0318
0233
0393
1265
0030
0407
0472
1405
0058
0956
0450
0955
0364
0290
1173
0092
0235
1155
1059
0445
0244
0195
0353
0064
0981
1266
0326
0193
0281
0398
0283
0085
1132
0013
1167
0423
1108
1298
0972
0159
1216
0262
1003
0038
0277
0033
1237
0929
0188
0382
1400
0127
1228
1344
1080
1198
1342
0391
1438
0415
1356
1076
0151
1368
0056
0487
0190
0101
0094
1318
1278
1030
0316
1323
0392
0944
1104
1054
0424
0208
1418
1200
0131
0181
0428
0297
0118
0169
0465
0909
1010
1309
0403
1383
0212
0320
1433
0167
0129
1313
0335
0196
0282
1002
1088
0025
1226
1346
1243
0132
1375
1208
1373
1371
0333
0950
1180
1049
0439
1236
0402
0410
1129
1103
1115
1442
0988
0460
0962
0019
1426
0075
1367
1280
0998
0217
0400
0072
0010
0055
1119
1240
1202
1262
1359
0245
0063
1144
1357
0359
1084
0915
1062
0289
1075
0170
1361
0923
0982
0113
1406
0143
1105
0206
1447
0355
0470
1431
0276
0374
1252
0068
0347
1008
0312
1417
0966
0937
1079
1304
0438
0942
1083
0227
0344
0453
0485
1146
1246
1393
1303
1118
1424
0268
0120
1032
0442
1023
1127
1332
1454
0456
0079
0035
0191
0291
1227
1137
0221
1414
0256
0482
1441
0440
0422
0426
0105
1117
0136
1259
1434
1316
0261
0295
0938
0164
0210
0327
0376
0272
0061
1399
1141
0119
0960
1415
1377
0023
1299
0917
1209
1031
1429
0399
0099
1376
1184
1047
0218
0964
0992
1199
0322
1045
0288
0214
0434
0996
0978
0226
0059
0341
1086
1012
1185
0253
1445
0361
0323
1176
1081
1192
0243
0463
0444
0473
1451
1389
1204
0069
0371
1055
0396
0158
0387
1272
1238
1301
0247
0343
0953
1219
1353
1386
1338
0292
0397
0493
0413
0469
1211
1250
1223
0060
1450
1022
0022
0263
1048
0166
0009
0076
1395
0390
0940
0121
0171
0420
0236
1064
0479
1423
0141
0911
0211
0971
1082
1151
0922
1133
1051
0957
0157
0187
1407
0366
0484
0017
0498
1232
0246
0377
1300
1378
0160
0107
1292
0286
0249
0298
1111
0220
0175
0098
0310
1380
1057
0367
0194
0238
0381
0109
0989
0307
0087
1029
0447
0052
0997
1187
0012
0491
1354
1074
0414
0032
0104
0219
0192
0362
0437
0231
1352
1455
1268
0078
0325
0279
0926
0042
0126
0155
0466
0222
0065
1007
1148
1330
0073
1109
1390
0477
1360
1325
1181
1069
0417
1328
0048
1222
0408
1255
1397
0452
1182
0451
1143
0319
0928
1249
1351
0360
0117
0339
0270
1331
0036
0406
1443
0475
1125
1165
0001
1369
0103
1150
0080
0071
1326
0429
0015
0174
0185
1170
1033
0224
0412
1231
1256
0197
0031
0269
0114
0008
1387
0918
0154
0201
0029
0237
0024
0936
1162
1019
0145
1440
1006
0133
0184
0409
0039
0014
0006
0973
1161
0948
1319
1453
0356
1436
1098
1135
0384
1306
0488
0205
1372
1038
0431
0961
0904
1166
1340
1028
1190
0939
1258
1336
0209
1432
1251
1021
0970
0969
1401
0455
0147
0354
0914
0280
1254
0930
1160
0925
0057
0321
0148
1444
1257
0486
1384
1264
0254
0144
0125
0007
0183
1068
0044
1175
0091
1448
1183
0267
0152
1244
1288
1004
1327
0332
0112
0448
1027
0172
1042
0189
0248
1221
0239
1263
1412
0338
1131
0202
0077
1334
0935
1347
0999
1284
0252
1070
0047
1145
